this is the beans nba tracker, as of 2/18/17, the rankings are:

PHX: 300.3982818780662
MIL: 291.0870404445312
HOU: 289.37251339876303
CLE: 289.18790484521975
GSW: 286.5091672833136
WAS: 286.14695240112815
MIN: 283.1300096554146
MIA: 282.9110316415669
BKN: 276.5468065811162
OKC: 275.5667629732948
SAS: 274.3657045213076
PHI: 273.1332833824771
DEN: 272.68190551710217
BOS: 271.4708954025849
NYK: 265.26403592771817
UTA: 264.4021060337616
CHI: 262.3530991680278
LAC: 262.3190785793237
NOP: 261.31243597937106
MEM: 259.5208333805663
IND: 258.5612116445658
LAL: 255.3375181116306
ATL: 253.95120758636853
DET: 253.04236284478884
DAL: 252.8166437673078
POR: 251.3601251089733
TOR: 250.4915342036025
CHA: 247.1725297540267
SAC: 246.0810570696198
ORL: 236.89035487254915
